0.0
0.0
0.0
76.0
6.199999809265137
0.5
77.0
6.900000095367432
0.10000000149011612
72.0999984741211
6.599999904632568
0.10000000149011612
70.5
6.400000095367432
0.20000000298023224
72.80000305175781
6.599999904632568
0.10000000149011612
71.19999694824219
6.599999904632568
0.0
73.5999984741211
6.599999904632568
0.0
73.5999984741211
7.0
0.0
76.19999694824219
7.599999904632568
0.0
73.0
7.900000095367432
0.0
128.6999969482422
6.699999809265137
0.0
139.8000030517578
6.800000190734863
0.0
156.3000030517578
6.400000095367432
0.0
156.3000030517578
6.599999904632568
0.0
145.1999969482422
6.599999904632568
0.0
152.1999969482422
6.199999809265137
0.0
134.6999969482422
6.599999904632568
0.0
127.19999694824219
6.900000095367432
0.0
127.4000015258789
6.599999904632568
0.0
117.69999694824219
6.699999809265137
0.0
105.0999984741211
6.900000095367432
0.0
106.80000305175781
6.800000190734863
0.0
99.0
6.800000190734863
0.0
89.9000015258789
7.0
0.0
95.4000015258789
7.0
0.0
82.69999694824219
6.800000190734863
0.0
77.4000015258789
7.0
0.0
74.0999984741211
7.0
0.0
73.9000015258789
7.0
0.0
71.5999984741211
6.900000095367432
0.0
71.0999984741211
6.699999809265137
0.0
71.0
6.599999904632568
0.0
68.69999694824219
6.5
0.0
69.80000305175781
6.400000095367432
0.0
69.80000305175781
6.599999904632568
0.0
70.30000305175781
6.0
0.0
67.5
6.0
0.0
68.0999984741211
6.099999904632568
0.0
70.30000305175781
6.099999904632568
0.0
69.5999984741211
6.0
0.0
69.0
6.0
0.0
70.30000305175781
6.0
0.0
77.30000305175781
6.0
0.0
73.69999694824219
5.900000095367432
0.0
72.0999984741211
6.0
0.0
75.5
6.0
0.0
72.80000305175781
6.0
0.0
74.69999694824219
6.0
0.0
73.30000305175781
6.0
0.0
71.4000015258789
6.0
0.0
70.30000305175781
5.800000190734863
0.0
69.0
5.800000190734863
0.0
68.80000305175781
5.599999904632568
0.0
70.5
5.5
0.0
66.9000015258789
5.300000190734863
0.0
69.5999984741211
5.0
0.0
69.0
5.0
0.0
69.30000305175781
5.099999904632568
0.0
67.19999694824219
5.0
0.0
71.9000015258789
5.0
0.0
70.80000305175781
4.900000095367432
0.0
69.9000015258789
5.0
0.0
74.5999984741211
5.0
0.0
73.0
5.0
0.0
77.80000305175781
5.0
0.0
81.69999694824219
5.0
0.0
80.5999984741211
5.0
0.0
82.19999694824219
5.0
0.0
85.4000015258789
5.0
0.0
88.4000015258789
4.900000095367432
0.0
89.69999694824219
5.0
0.0
92.30000305175781
5.0
0.0
98.69999694824219
4.599999904632568
0.0
97.0999984741211
4.699999809265137
0.0
97.30000305175781
4.5
0.0
106.5999984741211
4.0
0.0
106.80000305175781
4.0
0.0
104.0999984741211
4.0
0.0
119.0
4.0
0.0
123.19999694824219
4.0
0.0
121.0999984741211
4.0
0.0
128.60000610351562
4.0
0.0
141.8000030517578
4.0
0.0
136.0
4.0
0.0
143.1999969482422
4.0
0.0
152.5
4.0
0.0
151.39999389648438
4.0
0.0
156.3000030517578
4.0
0.0
168.89999389648438
4.0
0.0
178.8000030517578
3.9000000953674316
0.0
174.0
3.9000000953674316
0.0
177.3000030517578
4.0
0.0
198.6999969482422
3.5
0.0
195.5
3.5
0.0
198.60000610351562
3.5
0.0
213.0
3.0
0.0
220.1999969482422
3.0
0.0
221.8000030517578
3.0
0.0
227.39999389648438
3.0
0.0
